0.49500000
0.17580000
0.09980000
0.12500000
0.24140000
0.29260000
0.46460000
0.19900000
0.24700000
0.23700000
0.20660000
0.16940000
0.09140000
0.25900000
0.39700000
0.15260000
0.91140000
0.17620000
0.09820000
0.19300000
0.16620000
0.07780000
0.54820000
0.30740000
0.11180000
0.23900000
0.50620000
0.20300000
0.07940000
0.35140000
0.40660000
1.42180000
0.25420000
0.43180000
0.97460000
0.27820000
0.20660000
0.38900000
0.74100000
0.09260000
0.26060000
0.12020000
0.19620000
0.28460000
0.27540000
0.22540000
0.50060000
0.11980000
0.22780000
0.54140000
0.09700000
0.16060000
0.54700000
0.42700000
0.24020000
0.45460000
0.33020000
0.08260000
0.43780000
0.77500000
0.11980000
0.32700000
0.11540000
0.06820000
0.40300000
0.57860000
0.10500000
0.25820000
0.70300000
0.32900000
0.47620000
0.26860000
0.61980000
0.10180000
0.22700000
0.09100000
0.23500000
0.09500000
0.12420000
0.17140000
0.10420000
0.24180000
0.05660000
0.09460000
0.14860000
0.53260000
0.13420000
0.35140000
0.13980000
0.14420000
0.11020000
0.16140000
0.65980000
0.52500000
0.14220000
0.16220000
0.15940000
0.54020000
0.37100000
0.11220000
0.35100000
0.27820000
0.43100000
0.21860000
0.12820000
0.10940000
0.26380000
0.29020000
0.08340000
0.74580000
1.17860000
0.19700000
0.74460000
0.07020000
0.24980000
0.07980000
0.29980000
0.12060000
0.07900000
0.14100000
0.54220000
0.12180000
0.30500000
0.36900000
0.16740000
0.49180000
0.16220000
0.20540000
0.53180000
1.04700000
0.20900000
0.43740000
0.08020000
0.12060000
0.73660000
0.39380000
0.83260000
0.12140000
0.26060000
0.15340000
0.55260000
0.13140000
0.20020000
0.10860000
0.12140000
0.10260000
0.15020000
0.63740000
0.16420000
0.10300000
0.13420000
0.25580000
0.37140000
0.22580000
0.16860000
0.14780000
0.35140000
0.87100000
0.45100000
0.26780000
0.19340000
0.24300000
0.28180000
0.29580000
0.24380000
0.08980000
0.18460000
0.11020000
0.25500000
0.16860000
0.41100000
0.13060000
0.39500000
0.20740000
0.11460000
0.27100000
0.67340000
0.12860000
0.06100000
0.38700000
0.25260000
0.26100000
0.41260000
0.09580000
0.06460000
0.51380000
0.28860000
0.18700000
0.29820000
0.39580000
0.08980000
0.33180000
0.23540000
0.28780000
0.09420000
0.05380000
0.08940000
0.10940000
0.16620000
0.18540000
0.50180000
0.12020000
0.45660000
0.32580000
0.19540000
0.56460000
0.12180000
0.53460000
0.14540000
0.37780000
0.16100000
1.13860000
0.36020000
0.16020000
0.56500000
0.04340000
2.86940000
0.15820000
0.12020000
0.13260000
0.53780000
0.62180000
0.43180000
0.18100000
0.27300000
0.10260000
0.11100000
0.27340000
0.16860000
0.16300000
0.07780000
0.15820000
0.31820000
0.18980000
0.30740000
0.47060000
0.39540000
0.13940000
0.22340000
0.11740000
0.06860000
0.23580000
0.20260000
0.35740000
0.26700000
0.26380000
0.06820000
0.92580000
0.37620000
0.38780000
0.16940000
0.06580000
0.29860000
0.06860000
0.44300000
0.18540000
0.21260000
0.31740000
0.24580000
0.11420000
0.36380000
0.27460000
0.25140000
0.33340000
0.29620000
0.31020000
0.23780000
0.24700000
0.18180000
0.30060000
0.29260000
0.26020000
0.14500000
0.32100000
0.47260000
0.22540000
0.39220000
0.20220000
1.03900000
0.30460000
0.15180000
0.29460000
0.07340000
0.23020000
0.46660000
0.09820000
0.08940000
0.30580000
0.09140000
0.20980000
0.27580000
0.13260000
0.22660000
0.22780000
0.22180000
0.23460000
0.21340000
0.32060000
0.49780000
0.19900000
0.16500000
0.04580000
0.46580000
0.23780000
0.43820000
0.46380000
0.24420000
0.26300000
0.19900000
0.18060000
0.08580000
0.26220000
0.09500000
0.84300000
0.20620000
0.24420000
0.15860000
0.14180000
0.10620000
0.80340000
0.10260000
0.48500000
0.60580000
0.55700000
0.19580000
0.23820000
0.13420000
0.14140000
0.28220000
0.17860000
0.12660000
0.15740000
0.16620000
0.26580000
0.28980000
0.07940000
0.40180000
0.16620000
0.29900000
0.07700000
0.06300000
0.59780000
0.13460000
0.49620000
0.62300000
0.09620000
0.37420000
0.10780000
0.06860000
0.46900000
0.23660000
0.11660000
0.25300000
2.45060000
0.29300000
0.08020000
0.06420000
0.05940000
0.29460000
0.07300000
0.14860000
0.31300000
0.13300000
0.15620000
0.14660000
0.11340000
0.07140000
0.30060000
0.14940000
0.47180000
0.30620000
0.06180000
0.09500000
0.26860000
0.07420000
0.21100000
0.15220000
0.79580000
0.20020000
0.54260000
0.12220000
0.57020000
0.15300000
0.90060000
0.21660000
1.13340000
0.14980000
0.06380000
0.21100000
0.18540000
0.23260000
0.53900000
0.30540000
0.10900000
0.16420000
0.16940000
1.04380000
0.65700000
0.61540000
0.92300000
0.16420000
0.22100000
0.09940000
0.30500000
0.43460000
0.61260000
0.20980000
0.19540000
0.39300000
0.18540000
0.29060000
0.25540000
0.15060000
0.06300000
0.15060000
1.10940000
0.54140000
0.15340000
0.17460000
0.14580000
0.26660000
0.78900000
0.18420000
0.38100000
0.13260000
0.08060000
0.14780000
0.14140000
0.11820000
0.20500000
0.10180000
0.13300000
0.45220000
0.35420000
0.50340000
0.54980000
0.14580000
0.18340000
0.64460000
0.47500000
0.25020000
0.48140000
0.80900000
0.07900000
0.13260000
0.11820000
0.39860000
0.89260000
0.41140000
0.48740000
0.13980000
0.06540000
0.20260000
0.09860000
0.14580000
0.19860000
0.12780000
0.82900000
0.22100000
0.10140000
0.14340000
0.28100000
0.22860000
0.18540000
0.32060000
0.21820000
0.18780000
0.79540000
0.17420000
0.07980000
0.15940000
0.34620000
0.27140000
0.33460000
0.14940000
0.14340000
0.40620000
0.16660000
0.19460000
0.15260000
0.18980000
0.43980000
0.18300000
0.07100000
0.11860000
0.18100000
0.13380000
0.22140000
0.82140000
0.05300000
0.13340000
0.04020000
0.16940000
0.90580000
0.66660000
0.13820000
0.11100000
0.19140000
1.13580000
0.15940000
0.31620000
0.22180000
0.17540000
0.12020000
0.14260000
0.29900000
0.20020000
0.14860000
0.40740000
0.13020000
0.31460000
0.34700000
0.44860000
0.09660000
0.13100000
0.09340000
0.19580000
0.22100000
0.12620000
0.06300000
0.19620000
0.68900000
0.21180000
0.42100000
0.14220000
0.08500000
0.19220000
0.11260000
0.31580000
1.19020000
0.20500000
0.57380000
0.06500000
0.24860000
0.40900000
0.22940000
0.12220000
0.69660000
0.14380000
0.04780000
0.20260000
0.09180000
0.13020000
0.11620000
0.74380000
0.47700000
0.38620000
0.20020000
0.19100000
0.12460000
0.62100000
0.29780000
0.27580000
0.06420000
0.11820000
0.48140000
0.58940000
0.06540000
0.20700000
0.32140000
0.09180000
0.33980000
0.29460000
0.10060000
1.36340000
0.25740000
0.48620000
0.66700000
0.48020000
0.10260000
0.10100000
0.52820000
0.08460000
0.24540000
0.44500000
0.08740000
0.89380000
0.41780000
0.18900000
0.25740000
0.73060000
0.19620000
0.35260000
0.25580000
0.71220000
0.30060000
0.28620000
0.10740000
0.19460000
0.15260000
0.12940000
0.08540000
0.23780000
0.19860000
0.33140000
0.56500000
0.11020000
0.34020000
0.29060000
0.18540000
0.23260000
0.47820000
0.26140000
0.36380000
0.43580000
0.15620000
0.33660000
0.12460000
0.07820000
0.07220000
0.28180000
0.08140000
0.10820000
0.99740000
0.32700000
0.06860000
0.28260000
0.09220000
0.13140000
0.13180000
0.55420000
0.18420000
0.13860000
0.46140000
0.74940000
0.63540000
0.17220000
0.05300000
0.48140000
0.27260000
0.23140000
0.06140000
0.03220000
0.31620000
0.49020000
0.22540000
0.18900000
0.44500000
0.07820000
0.15420000
0.28860000
1.17580000
0.33260000
0.30020000
0.13460000
0.42060000
0.13820000
0.33580000
0.28260000
0.42940000
0.11700000
0.10340000
0.04140000
0.97860000
0.17100000
0.38060000
0.05460000
0.07940000
0.20740000
0.15420000
0.33300000
0.35660000
0.10740000
0.17020000
0.18260000
0.16620000
0.08420000
0.20620000
0.10220000
0.14780000
0.47820000
0.10660000
0.13300000
0.35780000
0.12660000
0.08700000
0.17220000
0.34500000
0.28540000
0.43260000
0.26900000
0.71780000
0.56700000
0.61740000
0.13620000
0.12660000
0.28060000
0.14580000
0.21100000
0.06180000
0.23460000
0.40940000
0.19420000
0.44740000
0.21700000
0.17660000
0.30300000
0.53380000
0.10780000
0.14260000
0.07180000
0.18020000
0.13900000
0.12900000
0.22340000
0.35020000
0.20780000
1.45740000
0.27420000
0.35460000
0.87860000
0.04660000
0.25460000
0.14620000
0.36540000
0.29020000
0.08140000
0.23860000
0.10780000
0.26060000
0.14060000
0.32780000
0.65940000
0.10260000
0.44100000
0.15180000
0.25780000
0.23900000
0.24340000
0.35780000
0.25100000
0.23420000
0.14660000
0.17780000
0.26460000
0.12620000
0.26900000
0.16700000
0.40340000
0.21780000
0.09980000
0.47660000
0.19180000
0.21660000
0.26980000
0.15460000
0.30340000
0.45300000
0.17300000
0.22820000
0.12980000
0.29420000
0.06460000
0.38580000
0.30500000
0.14020000
0.35340000
0.23180000
0.18060000
0.37140000
0.09140000
0.24020000
0.15980000
1.35780000
0.43780000
0.34740000
0.30100000
0.59860000
0.06500000
0.08620000
0.12700000
0.15060000
0.56780000
0.24180000
0.16140000
0.14300000
0.12900000
0.14380000
0.16620000
0.36860000
0.42060000
1.43260000
0.11780000
0.10340000
0.12380000
0.31820000
0.20940000
0.11100000
0.13460000
0.22500000
0.17620000
1.47540000
0.39380000
0.16020000
0.11500000
0.23140000
0.34900000
0.28780000
0.13140000
0.49140000
0.42820000
0.09780000
0.18020000
0.22140000
0.28780000
0.27140000
0.30620000
0.17900000
0.35460000
0.13660000
0.25420000
0.24340000
0.11900000
0.53980000
0.20500000
0.25860000
0.09140000
0.12540000
0.23980000
0.12620000
0.09340000
0.07420000
0.35820000
0.42180000
0.06580000
0.21940000
0.13340000
0.42900000
0.53100000
0.45060000
0.31380000
0.61460000
0.13140000
0.34940000
0.87220000
0.17660000
0.51820000
0.24980000
0.29140000
0.13700000
0.30860000
0.41060000
0.32500000
0.15580000
0.12700000
0.46500000
0.09820000
0.10260000
0.16340000
0.79420000
0.50460000
0.10420000
0.27860000
0.21500000
0.13100000
0.56020000
0.07940000
0.13500000
0.16460000
0.34420000
0.80300000
0.75780000
0.24660000
0.14100000
0.15020000
0.41780000
0.14820000
0.17900000
0.07500000
0.13340000
0.13060000
0.14940000
0.30660000
0.46820000
0.17860000
0.16020000
0.18580000
0.06540000
0.11500000
0.30260000
0.13900000
0.16780000
0.15740000
0.49580000
0.06140000
0.24980000
0.09900000
0.12940000
0.54340000
1.02820000
0.60820000
0.37660000
0.25340000
0.11340000
0.45700000
0.11420000
0.13780000
0.13700000
0.18580000
0.54980000
0.26940000
0.20940000
0.12420000
0.20100000
0.31180000
0.48300000
0.26140000
0.20460000
0.28420000
0.12100000
0.14700000
0.22740000
0.40180000
0.85020000
0.21620000
0.36100000
0.13740000
0.15820000
0.47020000
0.23380000
0.07900000
0.34500000
0.63140000
0.34780000
0.25060000
0.19220000
0.16420000
0.19020000
0.61100000
0.55580000
0.33060000
0.14420000
0.09620000
0.53620000
0.44380000
0.16580000
0.16500000
0.57660000
0.14900000
0.45460000
0.28420000
0.13460000
0.15420000
0.10580000
0.44780000
0.42940000
1.38700000
0.20620000
0.42820000
0.09140000
0.21620000
0.14580000
0.10820000
0.79740000
0.08780000
0.14780000
0.09540000
0.89380000
0.16220000
0.09940000
0.16900000
0.48700000
0.22940000
0.54940000
0.20180000
0.34340000
0.21140000
0.15500000
0.14620000
0.20340000
0.11980000
0.09580000
0.11580000
0.22220000
0.07820000
0.16900000
0.24740000
0.32220000
0.31620000
0.84660000
0.09020000
0.20060000
0.04500000
0.31900000
0.22660000
0.14700000
0.13860000
0.59300000
0.40020000
0.22180000
0.16580000
0.25980000
0.53340000
0.20340000
0.47300000
0.17420000
0.12180000
0.10900000
0.14260000
0.08940000
